10 269 474
49 376 637 1270 5506 6799 6871
7 56 218 583 701 997 1106 1628 1761 2067 2166
24 313 478 618 743
16 260 440 714 1276 1340 1866 2067 7475 7551 7930
65 1294 1384 1754 1859 3069 3799 4029
22 426 1056 1366 1656 1746
4 42 262
10 269 474
50 289 388
49 376 637 1270 5506 6799 6871
7 56 218 583 701 997 1106 1628 1761 2067 2166
13 313 478 618 743
4 260 440 714 1276 1340 1866 2067 7475 7551 7930
65 1294 1384 1754 1859 3069 3799 4029
22 426 1056 1366 1656 1746
141 960 1155 1515 1633 1957 2255 2633 4735 4887 5128
4 42 262
10 269 474
49 376 637 1270 5506 6799 6871
7 56 218 583 701 997 1106 1628 1761 2067 2166
28 313 478 618 743
66 260 440 714 1276 1340 1866 2067 7475 7551 7930
65 1294 1384 1754 1859 3069 3799 4029
22 426 1056 1366 1656 1746
141 960 1155 1515 1633 1957 2255 2633 4735 4887 5128
4 42 262
10 269 474
3 289 388
49 376 637 1270 5506 6799 6871
7 56 218 583 701 997 1106 1628 1761 2067 2166
6 313 478 618 743
25 260 440 714 1276 1340 1866 2067 7475 7551 7930
65 1294 1384 1754 1859 3069 3799 4029
22 426 1056 1366 1656 1746
141 960 1155 1515 1633 1957 2255 2633 4735 4887 5128
4 42 262
40 322 521
60 234
13 119 326 1791 2750 2851
37 166 286 1036 1176
112 381 776 1106
224 529 773 898 1341 1457 1752 2086 5519 5584 5916
22 887 1622 1757 2412 2552 2592 3282 3662 3752
121 280 590 620
76 225 565
40 322 521
60 234
13 119 326 1791 2750 2851
37 166 286 1036 1176
112 381 776 1106
224 529 773 898 1341 1457 1752 2086 5519 5584 5916
22 887 1622 1757 2412 2552 2592 3282 3662 3752
76 225 565
40 322 521
60 234
13 119 326 1791 2750 2851
37 166 286 1036 1176
112 381 776 1106
22 887 1622 1757 2412 2552 2592 3282 3662 3752
17 197 646 1213 1363 1787 7578 7652 7836
76 225 565
40 322 521
60 234
13 119 326 1791 2750 2851
37 166 286 1036 1176
112 381 776 1106
224 529 773 898 1341 1457 1752 2086 5519 5584 5916
22 887 1622 1757 2412 2552 2592 3282 3662 3752
17 197 646 1213 1363 1787 7578 7652 7836
76 225 565
27 190 362 406
3 264
7 138 517 779 3193 3460
5 58 153 354 444 634 704 933 1028 1293 1383 1483
17 246 451 711
3 269 546 653 2026 2214 7550 7757
182 391 636 671
4 220 398 741 1036 2077 2261 3051 3175 3478
4 112 327
27 190 362 406
58 264
17 246 451 711
4 112 327
27 190 362 406
3 264
7 138 517 779 3193 3460
5 58 153 354 444 634 704 933 1028 1293 1383 1483
17 246 451 711
4 269 546 653 2026 2214 7550 7757
137 1619 1914 2049 2903 3003 3168 3238 3452 3487 3747 3827
182 391 636 671
4 220 398 741 1036 2077 2261 3051 3175 3478
4 112 327
27 190 362 406
3 264
7 138 517 779 3193 3460
5 58 153 354 444 634 704 933 1028 1293 1383 1483
17 246 451 711
26 269 546 653 2026 2214 7550 7757
137 1619 1914 2049 2903 3003 3168 3238 3452 3487 3747 3827
182 391 636 671
24 220 398 741 1036 2077 2261 3051 3175 3478
4 112 327
43 266 434
177 286 426 546 736 958
25 165 451 546 3617 3872
92 201 742 802 1041
340 529 708 993
131 257 434 715 900 1114 1472 1718 3270 3702 3889
75 82 607 762 822 1377
61 376 665
49 218 338
43 266 434
340 529 708 993
61 376 665
49 218 338
43 266 434
177 286 426 546 736 959
25 165 451 546 3617 3872
92 201 742 802 1041
340 529 708 993
131 257 434 715 900 1114 1472 1718 3270 3702 3889
4 82 607 762 822 1377
61 376 665
15 165 397 497 556 843 1154
49 218 338
43 266 434
25 165 451 546 3617 3872
92 201 742 802 1041
340 529 708 993
131 257 434 715 900 1114 1472 1718 3270 3702 3889
4 82 607 762 822 1377
61 376 665
3 165 397 497 556 843 1154
49 218 338
45 64 245 409 490
94 119 271 388 556 689
3 288 538 1092 1203 2163 2218 3352 3500
22 106 216 606 681 811
6 99 319 669 949
47 1215 1329 1479
200 251 429 489 786 989
3 629 853 1079 1275 3500 3639 3881
11 140 285 465
45 64 245 409 490
19 119 271 388 556 689
6 99 319 669 949
11 140 285 465
45 64 245 409 490
25 119 271 388 556 689
22 106 216 606 681 811
6 99 319 669 949
17 205 446 652 1023 1072 1240 1615 1797 4629 4768 5681 5792
3 629 853 1079 1275 3500 3639 3881
11 140 285 465
45 64 245 409 490
15 119 271 388 556 689
3 288 538 1092 1203 2163 2218 3352 3500
22 106 216 606 681 811
6 99 319 669 949
3 205 446 652 1023 1072 1240 1615 1797 4629 4768 5681 5792
47 1215 1329 1479
200 251 429 489 786 989
3 629 853 1079 1275 3500 3639 3881
11 140 285 465
19 119 271 388 556 689
3 288 538 1092 1203 2163 2218 3352 3500
22 106 216 606 681 811
6 99 319 669 949
4 205 446 652 1023 1072 1240 1615 1797 4629 4768 5681 5792
47 1215 1329 1479
200 251 429 489 786 989
3 629 853 1079 1275 3500 3639 3881
11 140 285 465
46 101 901 1133
4 226
45 475 929 1201 1721 1878
33 209 979 1089 1249
142 426 606 756
95 414 698 959 1633 2124 2436 5366 5459 5766
31 895 1435 2200 2260 3110 3180 3580
52 175 255 485 1310 1600
234 623 1119 1407 1576 1974 4188 4450 5221
393 556 680
46 101 901 1133
6 226
45 475 929 1201 1721 1878
142 426 606 756
393 556 680
4 226
45 475 929 1201 1721 1878
142 426 606 756
52 175 255 485 1310 1600
393 556 680
46 101 901 1133
4 226
45 475 929 1201 1721 1878
33 209 979 1089 1249
142 426 606 756
95 414 698 959 1633 2124 2436 5366 5459 5766
31 895 1435 2200 2260 3110 3180 3580
52 175 255 485 1310 1600
234 623 1119 1407 1576 1974 4188 4450 5221
393 556 680
46 101 901 1133
7 226
45 475 929 1201 1721 1878
33 209 979 1089 1249
142 426 606 756
95 414 698 959 1633 2124 2436 5366 5459 5766
31 895 1435 2200 2260 3110 3180 3580
52 175 255 485 1310 1600
234 623 1119 1407 1576 1974 4188 4450 5221
393 556 680
38 109 335 670 794
3 261
90 230 579 1129 2242 2480 2721
72 191 871 951 1101
73 422 622 822
28 93 162 241 477 690 1687 1963 2136 4002 4088 4714
21 1630 1735 1845 2575 2625 3030 3065 3315
42 261 846 1346
33 182 404 946 1202 1992 2047 2181
87 119 290
38 109 335 670 794
19 261
90 230 579 1129 2242 2480 2721
72 191 871 951 1101
73 422 622 822
33 182 404 946 1202 1992 2047 2181
87 119 290
38 109 335 670 794
19 261
90 230 579 1129 2242 2480 2721
73 422 622 822
87 119 290
38 109 335 670 794
4 261
72 191 871 951 1101
73 422 622 822
28 93 162 241 477 690 1687 1963 2136 4002 4088 4714
21 1630 1735 1845 2575 2625 3030 3065 3315
42 261 846 1346
33 182 404 946 1202 1992 2047 2181
87 119 290
38 109 335 670 794
13 261
90 230 579 1129 2242 2480 2721
72 191 871 951 1101
73 422 622 822
28 93 162 241 477 690 1687 1963 2136 4002 4088 4714
21 1630 1735 1845 2575 2625 3030 3065 3315
42 261 846 1346
33 182 404 946 1202 1992 2047 2181
87 119 290
22 164 433 803 861
34 146 436 566
108 187 1307 1477 1617
113 272 552 1212
51 335 631 738 1501 1563 1801 2052 2828 3906 4064 4487
7 106 1446 2085 2515 2750 2970 3120
128 277 957 1427
87 141 281 601
22 164 433 803 861
49 146 436 566
147 360 541 665 2191 2281 2453
108 187 1307 1477 1617
113 272 552 1212
4 335 631 738 1501 1563 1801 2052 2828 3906 4064 4487
128 277 957 1427
64 121 458 963 1200 1551 1696 2039 2119 2404
87 141 281 601
22 164 433 803 861
93 146 436 566
147 360 541 665 2191 2281 2453
108 187 1307 1477 1617
113 272 552 1212
128 277 957 1427
87 141 281 601
22 164 433 803 861
4 146 436 566
147 360 541 665 2191 2281 2453
108 187 1307 1477 1617
113 272 552 1212
4 335 631 738 1501 1563 1801 2052 2828 3906 4064 4487
7 106 1446 2085 2515 2750 2970 3120
128 277 957 1427
64 121 458 963 1200 1551 1696 2039 2119 2404
87 141 281 601
22 164 433 803 861
7 146 436 566
147 360 541 665 2191 2281 2453
108 187 1307 1477 1617
113 272 552 1212
6 335 631 738 1501 1563 1801 2052 2828 3906 4064 4487
7 106 1446 2085 2515 2750 2970 3120
128 277 957 1427
64 121 458 963 1200 1551 1696 2039 2119 2404
87 141 281 601
54 319 478 594
4 141 286
157 337 3060 3158 3248
202 1051 1311 1461
32 151 521 641 866 996 1306
474 654 981 1265 1994 2125 3185 4076 7411 7621 8236
92 926 1041 2311 2361 2861 2931
47 361 1541 2201
962 1280 2148 4151 4297 4642
107 221 307 710
54 319 478 594
52 141 286
157 337 3060 3158 3248
202 1051 1311 1461
32 151 521 641 866 996 1306
474 654 981 1265 1994 2125 3185 4076 7411 7621 8236
92 926 1041 2311 2361 2861 2931
47 361 1541 2201
67 141 286
157 337 3060 3158 3248
92 926 1041 2311 2361 2861 2931
47 361 1541 2201
54 319 478 594
24 141 286
157 337 3060 3158 3248
202 1051 1311 1461
32 151 521 641 866 996 1306
474 654 981 1265 1994 2125 3185 4076 7411 7621 8236
92 926 1041 2311 2361 2861 2931
47 361 1541 2201
962 1280 2148 4151 4297 4642
107 221 307 710
54 319 478 594
4 141 286
157 337 3060 3158 3248
202 1051 1311 1461
32 151 521 641 866 996 1306
474 654 981 1265 1994 2125 3185 4076 7411 7621 8236
92 926 1041 2311 2361 2861 2931
47 361 1541 2201
962 1280 2148 4151 4297 4642
107 221 307 710
305 484 596
4 177
9 264 629 804 970 1742 2325
134 459 565
233 382 787 912 1402
72 146 746 886 936 1116 1446 1576 1626 2156 2196 2496 2581
66 265 1045 1885
438 636 1117 1568 1965
157 886 1086
305 484 596
3 182
9 264 629 804 970 1742 2325
134 459 565
233 382 787 912 1402
26 133 268 569 812 1063 1182 1800 2595 4626 4711 5049 5169
72 146 746 886 936 1116 1446 1576 1626 2156 2196 2496 2581
66 265 1045 1885
438 636 1117 1568 1965
157 886 1086
134 459 565
72 146 746 886 936 1116 1446 1576 1626 2156 2196 2496 2581
66 265 1045 1885
157 886 1086
305 484 596
3 182
9 264 629 804 970 1742 2325
134 459 565
233 382 787 912 1402
26 133 268 569 812 1063 1182 1800 2595 4626 4711 5049 5169
72 146 746 886 936 1116 1446 1576 1626 2156 2196 2496 2581
66 265 1045 1885
438 636 1117 1568 1965
157 886 1086
70 329 529 599
21 270 517
46 225 945 1280
311 828 997 1186
4 308 808 1589 2876 3171 5399 6722 6837
12 3086 3326 3646
22 581 1291 1751 1841
7 408 917 1055 1423 1671 2076 2907 3330
70 329 529 599
43 270 517
76 385 679 1441 1857 2364 3088
46 225 945 1280
311 828 997 1186
3 308 808 1589 2876 3171 5399 6722 6837
12 3086 3326 3646
22 581 1291 1751 1841
7 408 917 1055 1423 1671 2076 2907 3330
70 329 529 599
17 270 507
46 225 945 1280
4 308 808 1589 2876 3171 5399 6722 6837
70 329 529 599
39 270 518
3 385 679 1441 1857 2364 3088
46 225 945 1280
311 828 997 1186
18 308 808 1589 2876 3171 5399 6722 6837
12 3086 3326 3646
22 581 1291 1751 1841
7 408 917 1055 1423 1671 2076 2907 3330
12 421 671
50 449 610 925
116 555 825
25 270 525 2053 2256 2656 2765
72 226 1536 1656 2166
71 251 580 929
24 256 657 1504 1642 2178 2784 5820 6121 6777
62 1341 1416 1496 1936 2066 2401 2501 3021 3681 3816 3866 4046 4096 4516 4616 4846
70 288 1003 1780
12 184 443 1030 1309 1922 2879 2986 3490
332 566 896
50 449 610 925
116 555 825
25 270 525 2053 2256 2656 2765
72 226 1536 1656 2166
71 251 580 929
91 256 657 1504 1642 2178 2784 5820 6121 6777
62 1341 1416 1496 1936 2066 2401 2501 3021 3681 3816 3866 4046 4096 4516 4616 4846
70 288 1003 1780
12 184 443 1030 1309 1922 2879 2986 3490
332 566 896
116 555 825
25 270 525 2053 2256 2656 2765
71 251 580 929
4 256 657 1504 1642 2178 2784 5820 6121 6777
12 184 443 1030 1309 1922 2879 2986 3490
50 449 610 925
116 555 825
25 270 525 2053 2256 2656 2765
72 226 1536 1656 2166
71 251 580 929
4 256 657 1504 1642 2178 2784 5820 6121 6777
62 1341 1416 1496 1936 2066 2401 2501 3021 3681 3816 3866 4046 4096 4516 4616 4846
70 288 1003 1780
12 184 443 1030 1309 1922 2879 2986 3490
332 566 896
45 212 344
31 140 530 1910 2090
11 140 520 1265 1615 1775 3135 3945 4125
385 649 1899 2719
45 212 344
31 140 530 1910 2090
11 140 520 1265 1615 1775 3135 3945 4125
385 649 1899 2719
45 212 344
11 140 520 1265 1615 1775 3135 3945 4125
60 241 395
3 316 586
11 279 3435 3607
84 314 1173 1337
43 262 451 601
3 567 1068 1229 2464 3379 3711 6866 6944 7044
32 786 1036 1206 1466 1616 2151 2466 2675
281 559 1618 1966
510 734 2363 2493 2777
51 370 630
60 241 395
3 316 586
11 279 3435 3607
84 314 1173 1337
43 262 451 601
10 567 1068 1229 2464 3379 3711 6866 6944 7044
32 786 1036 1206 1466 1616 2151 2466 2675
281 559 1618 1966
510 734 2363 2493 2777
51 370 630
8 316 586
4 567 1068 1229 2464 3379 3711 6866 6944 7044
281 559 1618 1966
510 734 2363 2493 2777
51 370 630
17 76 277 471
21 145 442 522 592 867 1027
22 211 351 621
4 519 1211 1382 1640 1938 2285 2366 2601 3076 5210 5387 5634 6657 6793
259 596 1203 1582 1731
41 640 1316 1533 1663 1832 1988 2329 2488 2796
23 127 297
82 315 486 533
35 76 277 471
31 816 1242 1738 2495 2667
21 145 442 522 592 867 1027
22 211 351 621
3 519 1211 1382 1640 1938 2285 2366 2601 3076 5210 5387 5634 6657 6793
259 596 1203 1582 1731
113 417 972 1117 1557
41 640 1316 1533 1663 1832 1988 2329 2488 2796
23 127 297
13 76 277 471
31 816 1242 1738 2495 2667
22 211 351 621
113 417 972 1117 1557
41 640 1316 1533 1663 1832 1988 2329 2488 2796
23 127 297
96 347 1326
34 161 441 683
67 475 1868 6459 6734
22 401 1406 2296
658 972 1292 1907 2107 2497
34 614 1039 1356 3216 3604 4511 8433 8576 8787
455 1029 1154 1184 1289 1429 1464 1749 1854 1884 2104 2334 2377 3557 3607 3937 4102 4142 4762 4917 4967 5297 5407 5457
158 577 1902 2077 3442
436 1450 1655 2319 2409 4090 4304 4636
35 244 424 714
96 347 1326
19 161 441 683
67 475 1868 6459 6734
22 401 1406 2296
658 972 1292 1907 2107 2497
17 614 1039 1356 3216 3604 4511 8433 8576 8787
455 1029 1154 1184 1289 1429 1464 1749 1854 1884 2104 2334 2377 3557 3607 3937 4102 4142 4762 4917 4967 5297 5407 5457
158 577 1902 2077 3442
436 1450 1655 2319 2409 4090 4304 4636
35 244 424 714
30 161 441 684
658 972 1292 1907 2107 2497
35 244 424 714
124 278 351
47 351
37 291 829 1357 2046 2534 3468 3794
37 86 241 1061 1151 1251
125 214 324 359 459
7 503 758 996 1119 1926 2131 2582 6005 6392 6712
219 1813 1863 1993 2033 2153 2183 2323 2368 2778 2853 3278 3583
22 221 726 796 1046
28 449 599 738 987 1123 1491 2624 2798
121 260 405
124 278 351
47 351
37 291 829 1357 2046 2534 3468 3794
37 86 241 1061 1151 1251
125 214 324 359 459
3 503 758 996 1119 1926 2131 2582 6005 6392 6712
219 1813 1863 1993 2033 2153 2183 2323 2368 2778 2853 3278 3583
22 221 726 796 1046
67 449 599 738 987 1123 1491 2624 2798
121 260 405
124 278 351
47 351
125 214 324 359 459
22 221 726 796 1046
121 260 405
83 213 330
84 121 381 496
36 329 768 1086 2501 2666
53 192 272 812 962
66 314 453 587
4 348 912 1052 1487 1879 2102 3249 3363
31 180 1240 2020 3185 3405 3725 3960 4230 4400
202 396 686 856 1076 1186
164 525 2220 2655 2969 3116
31 100 260 450
83 213 330
84 121 381 496
36 329 768 1086 2501 2666
53 192 272 812 962
66 314 453 587
3 348 912 1052 1487 1879 2102 3249 3363
31 180 1240 2020 3185 3405 3725 3960 4230 4400
202 396 686 856 1076 1186
164 525 2220 2655 2969 3116
31 100 260 450
83 213 330
66 314 453 587
202 396 686 856 1076 1186
31 100 260 450
64 297 463
57 195 441
51 228 360 647 2061
76 187 549 630 729
222 436 801 961
42 271 371 541 581 751 921
4 184 701 1082 1201 1486 3778 3943
82 176 417 587
51 228 360 647 2323 2408
64 297 463
51 228 360 647 2323 2408
76 187 549 630 729
222 436 801 961
61 1010 1075 1835 1885 1965
42 271 371 541 581 751 921
3 184 701 1082 1201 1486 3778 3943
82 176 417 587
64 297 463
57 195 441
76 187 549 630 729
222 436 801 961
61 1010 1075 1835 1885 1965
42 271 371 541 581 751 921
3 184 701 1082 1201 1486 3778 3943
82 176 417 587
170 331 501 522
69 203 403
50 159 457 686 2520 2595
87 156 676 736 1096
172 331 421 481
6 245 413 543 961 1037 1238 3366 3444
188 572 642 827 857 1197 1362 1438 1538
188 318 348 566 779
101 285 581 668 850 1029 1505 1589 1875 2050
51 285 415
170 331 501 522
69 203 403
51 285 415
170 331 501 522
69 203 403
50 159 457 686 2520 2595
87 156 676 736 1096
172 331 421 481
188 572 642 827 857 1197 1362 1438 1538
188 318 348 566 779
3 285 581 668 850 1029 1505 1589 1875 2050
51 285 415
170 331 501 522
69 203 403
50 159 457 686 2520 2595
87 156 676 736 1096
172 331 421 481
12 245 413 543 961 1037 1238 3366 3444
188 572 642 827 857 1197 1362 1438 1538
188 318 348 566 779
3 285 581 668 850 1029 1505 1589 1875 2050
51 285 415
33 354 512
3 94 418 840 3766 3892
22 286 1216 1651
41 209 569 869
4 278 547 1043 1957 2242 2843 6902
182 1571 1741 4011 5056 5246
16 405 1015 1445 1495
45 310 655 952 1838 2196
12 81 241
33 354 512
4 561 931 1111
3 94 418 840 3766 3892
22 286 1216 1651
41 209 569 869
4 278 547 1043 1957 2242 2843 6902
182 1571 1741 4011 5056 5246
16 405 1015 1445 1495
50 310 655 952 1838 2196
12 81 241
33 354 512
3 94 418 840 3766 3892
22 286 1216 1651
41 209 569 869
24 278 547 1043 1957 2242 2843 6902
182 1571 1741 4011 5056 5246
16 405 1015 1445 1495
56 310 655 952 1838 2196
12 81 241
33 354 512
3 94 418 840 3766 3892
22 286 1216 1651
41 209 569 869
4 278 547 1043 1957 2242 2843 6902
182 1571 1741 4011 5056 5246
16 405 1015 1445 1495
32 310 655 952 1838 2196
12 81 241
40 299 597
3 601 714 920
26 126 335 626 1823 1868 2344
62 221 1390 1590
22 306 551 746
5 196 459 575 1155 1342 1608 4209
21 1420 1600 2700 3240 3457
12 161 986 1211 1271
22 143 438 681 1089 1322
22 201 331
40 299 597
4 601 714 920
26 126 335 626 1823 1868 2344
62 221 1390 1590
22 306 551 746
4 196 459 575 1155 1342 1608 4209
21 1420 1600 2700 3240 3457
12 161 986 1211 1271
3 143 438 681 1089 1322
22 201 331
40 299 597
3 601 714 920
26 126 335 626 1823 1868 2344
62 221 1390 1590
22 306 551 746
15 196 459 575 1155 1342 1608 4209
21 1420 1600 2700 3240 3457
12 161 986 1211 1271
14 143 438 681 1089 1322
22 201 331
40 299 597
3 601 714 920
26 126 335 626 1823 1868 2344
62 221 1390 1590
22 306 551 746
52 196 459 575 1155 1342 1608 4209
21 1420 1600 2700 3240 3457
12 161 986 1211 1271
4 143 438 681 1089 1322
22 201 331
10 333 602 642
4 461 710
4 588 2309 2601 2952 3043
22 161 1166 1266 1446
185 539 834 1024
12 305 529 764 1141 1298 1565 1697 1882 2256 2851 3025 5771 5912 7266 7348 7456
17 586 1196 1246 1471 1506 2116 2186 2501 2601
12 241 801 1001 1081
32 130 528 3143 3258 3417
4 50 304
10 333 602 642
19 461 710
4 588 2309 2601 2952 3043
22 161 1166 1266 1446
185 539 834 1024
4 305 529 764 1141 1298 1565 1697 1882 2256 2851 3025 5771 5912 7266 7348 7456
17 586 1196 1246 1471 1506 2116 2186 2501 2601
12 241 801 1001 1081
32 130 528 3143 3258 3417
4 50 304
10 333 602 642
4 461 710
4 588 2309 2601 2952 3043
22 161 1166 1266 1446
185 539 834 1024
47 305 529 764 1141 1298 1565 1697 1882 2256 2851 3025 5771 5912 7266 7348 7456
17 586 1196 1246 1471 1506 2116 2186 2501 2601
12 241 801 1001 1081
32 130 528 3143 3258 3417
4 50 304
10 333 602 642
4 461 710
3 588 2309 2601 2952 3043
22 161 1166 1266 1446
185 539 834 1024
4 305 529 764 1141 1298 1565 1697 1882 2256 2851 3025 5771 5912 7266 7348 7456
17 586 1196 1246 1471 1506 2116 2186 2501 2601
12 241 801 1001 1081
32 130 528 3143 3258 3417
4 50 304
14 69 471 645
15 499 853 2804 2886
27 96 356 746 876
4 625 895 1226 3211 3702 4123 8705 8815 8931
32 1366 1421 1551 1671 2071 2401 2511
77 346 1306 1416 1441
735 1678 2017 2355 3931 4062 4376
52 131 801 1211
14 69 471 645
15 499 853 2804 2886
59 183 238 408 448 1298 1338 1538 1688 1768
27 96 356 746 876
4 625 895 1226 3211 3702 4123 8705 8815 8931
32 1366 1421 1551 1671 2071 2401 2511
77 346 1306 1416 1441
735 1678 2017 2355 3931 4062 4376
52 131 801 1211
14 69 471 645
8 50 378 602
15 499 853 2804 2886
59 183 238 408 448 1298 1338 1538 1688 1768
27 96 356 746 876
3 625 895 1226 3211 3702 4123 8705 8815 8931
32 1366 1421 1551 1671 2071 2401 2511
77 346 1306 1416 1441
735 1678 2017 2355 3931 4062 4376
52 131 801 1211
14 69 471 645
15 499 853 2804 2886
3 625 895 1226 3211 3702 4123 8705 8815 8931
32 1366 1421 1551 1671 2071 2401 2511
77 346 1306 1416 1441
735 1678 2017 2355 3931 4062 4376
14 69 471 645
8 50 378 602
15 499 853 2804 2886
59 183 238 408 448 1298 1338 1538 1688 1768
27 96 356 746 876
4 625 895 1226 3211 3702 4123 8705 8815 8931
32 1366 1421 1551 1671 2071 2401 2511
77 346 1306 1416 1441
735 1678 2017 2355 3931 4062 4376
52 131 801 1211
15 56 308 497
23 504 743 2104 2297
47 212 726 765
8 72 302 602 692
3 352 631 785 1604 1764 3216
27 81 891 931 1026 1636 2071 2156
87 291 376 1006 1396
18 399 584 733 932 1542 1633 1828
15 56 308 497
23 57 272 417
23 504 743 2104 2297
47 212 726 765
8 72 302 602 692
49 352 631 785 1604 1764 3216
27 81 891 931 1026 1636 2071 2156
87 291 376 1006 1396
20 399 584 733 932 1542 1633 1828
125 219 604 1044
15 56 308 497
23 57 272 419
23 504 743 2104 2297
47 212 726 765
8 72 302 602 692
87 291 376 1006 1396
4 399 584 733 932 1542 1633 1828
125 219 604 1044
15 56 308 497
23 57 272 419
23 504 743 2104 2297
47 212 726 765
8 72 302 602 692
30 352 631 785 1604 1764 3216
27 81 891 931 1026 1636 2071 2156
87 291 376 1006 1396
32 399 584 733 932 1542 1633 1828
125 219 604 1044
15 56 308 497
23 57 272 419
23 504 743 2104 2297
47 212 726 765
8 72 302 602 692
4 352 631 785 1604 1764 3216
27 81 891 931 1026 1636 2071 2156
87 291 376 1006 1396
3 399 584 733 932 1542 1633 1828
125 219 604 1044
97 229 607 776 856
48 91 295 413 563 812
212 477 1007 3033
112 361 1126 1246 1426
33 76 406 560 696
45 340 821 1057 1943 2071 2546 3515 3849 4385 4476
32 121 1341 1951 2051 2861 3011 3191
88 322 422 872 1027 1087
26 201 576 1253 1324 1567 1647 2666 2711 2999
32 72 568 916 964 1063
97 229 607 776 856
48 91 295 413 563 812
212 477 1007 3033
112 361 1126 1246 1426
33 76 406 560 696
48 340 821 1057 1943 2071 2546 3515 3849 4385 4476
32 121 1341 1951 2051 2861 3011 3191
88 322 422 872 1027 1087
4 201 576 1253 1324 1567 1647 2666 2711 2999
32 72 568 916 964 1063
97 229 607 776 856
48 91 295 413 563 812
212 477 1007 3033
112 361 1126 1246 1426
33 76 406 560 696
24 340 821 1057 1943 2071 2546 3515 3849 4385 4476
32 121 1341 1951 2051 2861 3011 3191
88 322 422 872 1027 1087
4 201 576 1253 1324 1567 1647 2666 2711 2999
32 72 568 916 964 1063
97 229 607 776 856
48 91 295 413 563 812
212 477 1007 3033
112 361 1126 1246 1426
33 76 406 560 696
72 340 821 1057 1943 2071 2546 3515 3849 4385 4476
32 121 1341 1951 2051 2861 3011 3191
88 322 422 872 1027 1087
22 201 576 1253 1324 1567 1647 2666 2711 2999
32 72 568 916 964 1063
97 229 607 776 856
48 91 295 413 563 812
212 477 1007 3033
112 361 1126 1246 1426
33 76 406 560 696
48 340 821 1057 1943 2071 2546 3515 3849 4385 4476
32 121 1341 1951 2051 2861 3011 3191
88 322 422 872 1027 1087
4 201 576 1253 1324 1567 1647 2666 2711 2999
32 72 568 916 964 1063
13 251 446
37 116 361 564 759 928
51 410 954 1175 2431 2578 2893 2987
242 431 1230 1345 1500
22 131 870 1070 1230
4 200 933 1253 3639 4617 4976 9294 9384 9680
17 76 1799 3217 3317 3567
72 431 561 931 1361
82 933 1254 1653 1771 2328 2453 2931
12 121 481 831
13 251 446
37 116 361 564 759 928
242 431 1230 1345 1500
22 131 870 1070 1230
6 200 933 1253 3639 4617 4976 9294 9384 9680
17 76 1799 3217 3317 3567
72 431 561 931 1361
20 933 1254 1653 1771 2328 2453 2931
12 121 481 831
13 251 446
37 116 361 564 759 929
51 410 954 1175 2431 2578 2893 2987
242 431 1230 1345 1500
22 131 870 1070 1230
3 200 933 1253 3639 4617 4976 9294 9384 9680
72 431 561 931 1361
6 933 1254 1653 1771 2328 2453 2931
12 121 481 831
13 251 446
37 116 361 564 759 928
51 410 954 1175 2431 2578 2893 2987
242 431 1230 1345 1500
22 131 870 1070 1230
39 200 933 1253 3639 4617 4976 9294 9384 9680
17 76 1799 3217 3317 3567
72 431 561 931 1361
367 933 1254 1653 1771 2328 2453 2931
12 121 481 831
13 251 446
37 116 361 564 759 928
51 410 954 1175 2431 2578 2893 2987
242 431 1230 1345 1500
22 131 870 1070 1230
4 200 933 1253 3639 4617 4976 9294 9384 9680
17 76 1799 3217 3317 3567
72 431 561 931 1361
127 933 1254 1653 1771 2328 2453 2931
12 121 481 831
111 525 1518 2039 2246 2351 2551
13 65 247 481
9 309 648 981 1259 1755 2052
72 118 393 591
283 336 576 801
111 525 1518 2039 2246 2351 2551
17 116 1446 1611
13 65 247 481
106 174 763 1070 1544 2384 2794 3556 6941
31 110 2160 2220 2375 2555 4240 4940 5065
9 309 648 981 1259 1755 2051
127 157 316 576
72 118 393 591
111 525 1518 2039 2246 2351 2551
39 125 174 1463 1504 1631
13 65 247 481
106 174 763 1070 1544 2384 2794 3556 6941
31 110 2160 2220 2375 2555 4240 4940 5065
9 309 648 981 1259 1755 2050
127 157 316 576
72 118 393 591
283 336 576 801
111 525 1518 2039 2246 2351 2551
39 125 174 1463 1504 1633
13 65 247 481
106 174 763 1070 1544 2384 2794 3556 6941
31 110 2160 2220 2375 2555 4240 4940 5065
21 75 365 1035 1425
9 309 648 981 1259 1755 2051
127 157 316 576
72 118 393 591
283 336 576 801
111 525 1518 2039 2246 2351 2551
39 125 174 1463 1504 1631
13 65 247 481
106 174 763 1070 1544 2384 2794 3556 6941
31 110 2160 2220 2375 2555 4240 4940 5065
21 75 365 1035 1425
9 309 648 981 1259 1755 2051
127 157 316 576
31 138 373 576
25 184
82 617 955 1322 1428 1672 2158
11 115 510 780 975
47 196 655 949 1146 2510 3275 3694 5639
44 738 943 2365 3244 4864
119 438 508 963 1343
45 279 921 1150 1470 2247 2729
11 130 260 565
31 138 373 576
25 184
82 617 955 1322 1428 1672 2158
298 457 587 1137 1315 1485
11 115 510 780 975
47 196 655 949 1146 2510 3275 3694 5639
44 738 943 2365 3244 4864
119 438 508 963 1343
45 279 921 1150 1470 2247 2729
11 130 260 565
31 138 373 576
25 184
298 457 587 1137 1315 1485
11 115 510 780 975
119 438 508 963 1343
11 130 260 565
31 138 373 576
25 184
82 617 955 1322 1428 1672 2158
298 457 587 1137 1315 1485
11 115 510 780 975
47 196 655 949 1146 2510 3275 3694 5639
44 738 943 2365 3244 4864
119 438 508 963 1343
45 279 921 1150 1470 2247 2729
11 130 260 565
31 138 373 576
25 184
82 617 955 1322 1428 1672 2158
298 457 587 1137 1315 1485
11 115 510 780 975
47 196 655 949 1146 2510 3275 3694 5639
44 738 943 2365 3244 4864
119 438 508 963 1343
45 279 921 1150 1470 2247 2729
11 130 260 565
22 233 593 836
46 300 568
16 822 1297 2555 2723
42 196 1318 1493 1643
12 241 571
3 601 1030 1471 1934 2187 2634 3589 4090 7942 8091
357 487 3792
37 681 876 961
77 848 1676 1900 2596 2941 4163 4394
11 145 390
22 233 593 836
46 300 568
16 822 1297 2555 2723
42 196 1318 1493 1643
12 241 571
4 601 1030 1471 1934 2187 2634 3589 4090 7942 8091
77 848 1676 1900 2596 2941 4163 4394
11 145 390
22 233 593 836
46 300 568
16 822 1297 2555 2723
42 196 1318 1493 1643
12 241 571
363 486 3825
22 233 593 836
46 300 568
16 822 1297 2555 2723
42 196 1318 1493 1643
12 241 571
53 601 1030 1471 1934 2187 2634 3589 4090 7942 8091
357 487 3792
37 681 876 961
77 848 1676 1900 2596 2941 4163 4394
11 145 390
22 233 593 836
46 300 568
16 822 1297 2555 2723
42 196 1318 1493 1643
12 241 571
3 601 1030 1471 1934 2187 2634 3589 4090 7942 8091
357 487 3792
37 681 876 961
77 848 1676 1900 2596 2941 4163 4394
11 145 390
9 44 522 758 875
31 141 306
30 400 655 2796 3043
11 145 285 907 1032 1547
9 128 443 853 1138
19 452 1013 1256 1419 1893 2405 5117 5248 5351
242 1046 1836 3096
52 276 1291 1396
3 271 753 1225 1420 2616 2681
21 85 235 1088 1198
9 44 522 758 875
31 141 306
30 400 655 2796 3043
11 145 285 907 1032 1547
9 128 443 853 1138
40 452 1013 1256 1419 1893 2405 5117 5248 5351
242 1046 1836 3096
52 276 1291 1396
14 271 753 1225 1420 2616 2681
21 85 235 1088 1198
31 141 306
30 400 655 2796 3043
9 128 443 853 1138
21 85 235 1088 1198
9 44 522 758 875
31 141 306
30 400 655 2796 3043
11 145 285 907 1032 1547
9 128 443 853 1138
138 452 1013 1256 1419 1893 2405 5117 5248 5351
242 1046 1836 3096
52 276 1291 1396
15 271 753 1225 1420 2616 2681
21 85 235 1088 1198
9 44 522 758 875
31 141 306
30 400 655 2796 3043
11 145 285 907 1032 1547
9 128 443 853 1138
34 452 1013 1256 1419 1893 2405 5117 5248 5351
242 1046 1836 3096
52 276 1291 1396
30 271 753 1225 1420 2616 2681
21 85 235 1088 1198
29 136 429 598
17 147 320 559 629
3 401 599 808 968 2197 2311
47 164 248 415 444 1010 1213
33 142 472 692 972
4 440 951 1182 2933 3063 3410 5162 5330
112 226 281 441 1431 2541 2601 2851 2876 2996 3046 3166 3261 3391 3436 3566 3606 4011
137 584 917 1081 1151
6 396 587 1066 1755 2553 2819 4084 4226
27 102 217 397
29 136 429 598
17 147 320 559 629
25 401 599 808 968 2197 2311
47 164 248 415 444 1010 1213
33 142 472 692 972
21 440 951 1182 2933 3063 3410 5162 5330
112 226 281 441 1431 2541 2601 2851 2876 2996 3046 3166 3261 3391 3436 3566 3606 4011
137 584 917 1081 1151
6 396 587 1066 1755 2553 2819 4084 4226
4 102 217 397
29 136 429 598
4 102 217 397
29 136 429 598
17 147 320 559 629
10 401 599 808 968 2197 2311
47 164 248 415 444 1010 1213
33 142 472 692 972
19 440 951 1182 2933 3063 3410 5162 5330
112 226 281 441 1431 2541 2601 2851 2876 2996 3046 3166 3261 3391 3436 3566 3606 4011
137 584 917 1081 1151
4 102 217 397
29 136 429 598
17 147 320 559 629
19 401 599 808 968 2197 2311
47 164 248 415 444 1010 1213
33 142 472 692 972
3 440 951 1182 2933 3063 3410 5162 5330
112 226 281 441 1431 2541 2601 2851 2876 2996 3046 3166 3261 3391 3436 3566 3606 4011
137 584 917 1081 1151
6 396 587 1066 1755 2553 2819 4084 4226
17 102 217 397
19 133 512 672
11 390 2771 2919 3015
61 200 297 432 492 919 1084 1204
81 340 600 780
34 470 904 1136 1841 2017 3677 3850 4014
46 153 253 2057 2337 2727 4826 5266 5436
42 166 996 1511 1701 1751
3 697 1403 1853 2212 3017 3167 3417
32 176 346 466
19 133 512 672
72 236
11 390 2771 2919 3015
61 200 297 432 492 919 1084 1204
81 340 600 780
50 470 904 1136 1841 2017 3677 3850 4014
46 153 253 2057 2337 2727 4826 5266 5436
42 166 996 1511 1701 1751
144 697 1403 1853 2212 3017 3167 3417
32 176 346 466
19 133 512 672
72 236
81 340 600 780
19 133 512 672
72 236
11 390 2771 2919 3015
61 200 297 432 492 919 1084 1204
81 340 600 780
31 470 904 1136 1841 2017 3677 3850 4014
46 153 253 2057 2337 2727 4826 5266 5436
42 166 996 1511 1701 1751
3 697 1403 1853 2212 3017 3167 3417
32 176 346 466
19 133 512 672
72 236
11 390 2771 2919 3015
61 200 297 432 492 919 1084 1204
81 340 600 780
15 470 904 1136 1841 2017 3677 3850 4014
46 153 253 2057 2337 2727 4826 5266 5436
42 166 996 1511 1701 1751
135 697 1403 1853 2212 3017 3167 3417
32 176 346 466
30 245 521 682
38 253
3 533 730 5094 5174
82 331 1156 1246 1376
75 374 711
8 447 681 963 1431 2007 2321 2489 5121 5240 6166 6289
32 386 1341 2381 2506 2586 3051 3406 3856 4071 4156 4216
371 675 1225 1745 1795
88 623 771 1004 1128 1181 2807 2913 3425
12 111 341
30 245 521 682
38 253
3 533 730 5094 5174
82 331 1156 1246 1376
8 447 681 963 1431 2007 2321 2489 5121 5240 6166 6289
32 386 1341 2381 2506 2586 3051 3406 3856 4071 4156 4216
371 675 1225 1745 1795
3 623 771 1004 1128 1181 2807 2913 3425
12 111 341
30 245 521 682
38 253
3 533 730 5094 5174
82 331 1156 1246 1376
32 386 1341 2381 2506 2586 3051 3406 3856 4071 4156 4216
371 675 1225 1745 1795
29 623 771 1004 1128 1181 2807 2913 3425
12 111 341
30 245 521 682
38 253
3 533 730 5094 5174
82 331 1156 1246 1376
75 374 689 712
8 447 681 963 1431 2007 2321 2489 5121 5240 6166 6289
32 386 1341 2381 2506 2586 3051 3406 3856 4071 4156 4216
371 675 1225 1745 1795
7 623 771 1004 1128 1181 2807 2913 3425
12 111 341
38 253
3 533 730 5094 5174
82 331 1156 1246 1376
75 374 711
8 447 681 963 1431 2007 2321 2489 5121 5240 6166 6289
32 386 1341 2381 2506 2586 3051 3406 3856 4071 4156 4216
371 675 1225 1745 1795
3 623 771 1004 1128 1181 2807 2913 3425
12 111 341
9 52 258 422
11 310 418 563 690
10 364 629 959 1281 1462 1572
12 41 141 337 1472 1572 1872
42 211 415 520 682 762
4 323 543 736 875 1608 1859 2863 3000 4784 4906
19 34 73 1844 1887 2171 2231 3031 3360 3461
62 261 881 1121
8 217 479 870 917 1317 1412 1578
4 187 377 626 995
9 52 258 422
11 310 418 563 690
10 364 629 959 1281 1462 1572
12 41 141 337 1472 1572 1872
42 211 415 520 682 762
9 323 543 736 875 1608 1859 2863 3000 4784 4906
19 34 73 1844 1887 2171 2231 3031 3360 3461
62 261 881 1121
3 217 479 870 917 1317 1412 1578
4 187 377 626 995
9 52 258 422
11 310 418 563 690
12 41 141 337 1472 1572 1872
42 211 415 520 682 762
21 323 543 736 875 1608 1859 2863 3000 4784 4906
62 261 881 1121
3 217 479 870 917 1317 1412 1578
4 187 377 626 995
9 52 258 422
11 310 418 563 690
10 364 629 959 1281 1462 1572
12 41 141 337 1472 1572 1872
42 211 415 520 682 762
63 323 543 736 875 1608 1859 2863 3000 4784 4906
19 34 73 1844 1887 2171 2231 3031 3360 3461
62 261 881 1121
3 217 479 870 917 1317 1412 1578
4 187 377 626 995
9 52 258 422
11 310 418 563 690
10 364 629 959 1281 1462 1572
12 41 141 337 1472 1572 1872
42 211 415 520 682 762
4 323 543 736 875 1608 1859 2863 3000 4784 4906
19 34 73 1844 1887 2171 2231 3031 3360 3461
62 261 881 1121
3 217 479 870 917 1317 1412 1578
4 187 377 626 995
24 93 348 542 693
44 1052 1249 1697 2631 2722 2881
207 331 1081 1321 1461
12 518 798 868 1134 1298
89 387 846 1106 1301 2376 2565 5489 5661 5792
12 41 986 1096 1396 2156 2516 3176 3315 3375
127 346 631 821 871
42 639 855 966 1441 1772 1944 2089 2934 3020 3390
22 182 332 652
24 93 348 542 693
42 119 334 611 971 1123
44 1052 1249 1697 2631 2722 2881
207 331 1081 1321 1461
12 518 798 868 1134 1298
89 387 846 1106 1301 2376 2565 5489 5661 5792
12 41 986 1096 1396 2156 2516 3176 3315 3375
127 346 631 821 871
42 639 855 966 1441 1772 1944 2089 2934 3020 3390
22 182 332 652
24 93 348 542 693
42 119 334 611 971 1123
207 331 1081 1321 1461
12 518 798 868 1134 1298
12 41 986 1096 1396 2156 2516 3176 3315 3375
127 346 631 821 871
22 182 332 652
24 93 348 542 693
42 130
44 1052 1249 1697 2631 2722 2881
207 331 1081 1321 1461
12 518 798 868 1134 1298
89 387 846 1106 1301 2376 2565 5489 5661 5792
12 41 986 1096 1396 2156 2516 3176 3315 3375
127 346 631 821 871
42 639 855 966 1441 1772 1944 2089 2934 3020 3390
22 182 332 652
24 93 348 542 693
42 119 334 611 971 1123
44 1052 1249 1697 2631 2722 2881
207 331 1081 1321 1461
12 518 798 868 1134 1298
89 387 846 1106 1301 2376 2565 5489 5661 5792
12 41 986 1096 1396 2156 2516 3176 3315 3375
127 346 631 821 871
42 639 855 966 1441 1772 1944 2089 2934 3020 3390
22 182 332 652
87 841 3093 3228
134 287 2058 2158 2893
182 411 621 998
334 529 1038 1303 2128 2279 2470 2705
109 1648 1708 2398 2508 3692 4162 4192 4557 4601
203 742 1085 1179 1413 1945 2498 5120 5243
449 558 754
96 192 392 613
144 506 590
87 841 3093 3228
134 287 2058 2158 2893
182 411 621 998
334 529 1038 1303 2128 2279 2470 2705
109 1648 1708 2398 2508 3692 4162 4192 4557 4601
203 742 1085 1179 1413 1945 2498 5120 5243
449 558 754
96 192 392 613
144 506 590
87 841 3093 3228
182 411 621 998
334 529 1038 1303 2128 2279 2470 2705
109 1648 1708 2398 2508 3692 4162 4192 4557 4601
155 339 549 1186
203 742 1085 1179 1413 1945 2498 5120 5243
449 558 754
96 192 392 613
144 506 590
87 841 3093 3228
134 287 2058 2158 2893
182 411 621 998
334 529 1038 1303 2128 2279 2470 2705
109 1648 1708 2398 2508 3692 4162 4192 4557 4601
155 339 549 2249 2519 2554
203 742 1085 1179 1413 1945 2498 5120 5243
449 558 754
96 192 392 613
144 506 590
87 841 3093 3228
134 287 2058 2158 2893
182 411 621 998
334 529 1038 1303 2128 2279 2470 2705
109 1648 1708 2398 2508 3692 4162 4192 4557 4601
155 339 549 2249 2519 2554
203 742 1085 1179 1413 1945 2498 5120 5243
449 558 754
11 291 526 832
5 183 477 884 1013 1808 1923
3 302 501 727 1077 1844 1948 3649 3736 3826
37 361 556 1593 1771 2146 2249 2325
11 291 526 832
11 54 302 479 635 822
3 183 477 884 1013 1808 1923
72 140 440 589 749 1017 1112
4 387 738 790
4 302 501 727 1077 1844 1948 3649 3736 3826
7 605 1415 1505 1650
7 186 669 714 739
19 361 556 1593 1771 2146 2249 2326
12 101 316 671
11 291 526 832
11 54 302 479 635 822
10 183 477 884 1013 1808 1923
72 140 440 589 749 1017 1112
4 387 738 790
7 605 1415 1505 1644
7 186 669 714 739
31 361 556 1593 1771 2146 2249 2325
12 101 316 671
11 291 526 832
11 54 302 479 635 822
3 183 477 884 1013 1808 1924
72 140 440 589 749 1017 1112
4 387 738 790
3 302 501 727 1077 1844 1948 3649 3736 3826
7 605 1415 1505 1650
7 186 669 714 739
4 361 556 1593 1771 2146 2249 2325
12 101 316 671
11 291 526 832
11 54 302 479 635 822
25 183 477 884 1013 1808 1923
72 140 440 589 749 1017 1112
4 387 738 790
3 302 501 727 1077 1844 1948 3649 3736 3826
8 605 1415 1505 1650
7 186 669 714 739
43 361 556 1593 1771 2146 2249 2325
12 101 316 671
7 386 595 743
23 307 741 838 1454 1523
63 173 752 892
19 224 505 691 1017 1335 1708 1836 2061 2415
12 361 470 490 577 607 712 752 942 1176 1229
5 248 520 905 975
3 203 1686 2137 2652 3316 3414 3674
7 386 595 743
7 92 287 432 602 688
23 307 741 838 1454 1523
63 173 752 892
48 215 565
4 224 505 691 1017 1335 1708 1836 2061 3278 3330
12 361 470 490 577 607 712 752 942 1176 1229
4 203 1686 2137 2652 3316 3414 3674
38 92 229 744 884
7 386 595 743
7 92 287 432 602 688
23 307 741 838 1454 1523
63 173 752 892
48 215 565
4 224 505 691 1017 1335 1708 1836 2061 3278 3330
12 361 470 490 577 607 712 752 942 1176 1229
5 248 520 905 975
3 203 1686 2137 2652 3316 3414 3674
38 92 229 744 884
7 386 595 743
7 92 287 432 602 688
23 307 741 838 1454 1523
63 173 752 892
48 215 565
4 224 505 691 1017 1335 1708 1836 2061 3278 3330
3 203 1686 2137 2652 3316 3414 3477
38 92 229 744 884
7 386 595 743
7 92 287 432 602 688
23 307 741 838 1454 1523
63 173 752 892
48 215 565
4 224 505 691 1017 1335 1708 1836 2061 3278 3330
12 361 470 490 577 607 712 752 942 1176 1229
5 248 520 905 975
4 203 1686 2137 2652 3316 3414 3674
38 92 229 744 884
